8,101,89,82
9,102,87,82
10,102,87,82
11,102,87,82
12,102,87,82
13,102,87,82
15,103,86,81
17,103,86,81
19,103,86,81
21,103,86,81
23,103,86,81
25,104,85,80
25,103,86,81
25,102,87,82
25,101,88,83
25,100,89,84
27,102,89,82
31,102,88,82
35,102,87,82
39,102,86,82
43,102,85,82
44,100,85,83
46,100,84,82
48,100,83,81
50,100,82,80
52,100,81,79
52,100,80,81
52,100,80,81
52,100,80,81
52,100,80,81
52,100,80,81
53,101,80,81
54,101,80,81
55,101,80,81
56,101,80,81
57,101,80,81
61,101,81,79
63,101,81,79
65,101,81,79
67,101,81,79
69,101,81,79
70,101,82,79
71,101,82,79
72,101,82,79
73,101,82,79
74,101,82,79
75,99,83,80
76,99,83,80
77,99,83,80
78,99,83,80
79,99,83,80
83,99,83,81
86,99,82,81
89,99,81,81
92,99,80,81
95,99,79,81
95,97,81,79
97,97,81,79
99,97,81,79
101,97,81,79
103,97,81,79
106,97,80,79
108,97,80,79
110,97,80,79
112,97,80,79
114,97,80,79
114,97,79,80
116,97,79,79
118,97,79,78
120,97,79,77
122,97,79,76
125,97,79,77
127,97,79,77
129,97,79,77
131,97,79,77
133,97,79,77
136,97,79,77
141,97,79,77
146,97,79,77
151,97,79,77
156,97,79,77
161,95,77,77
165,95,77,77
169,95,77,77
173,95,77,77
177,95,77,77
179,94,78,79
181,93,78,79
183,92,78,79
185,91,78,79
187,90,78,79
188,88,79,80
191,88,80,80
194,88,81,80
197,88,82,80
200,88,83,80
203,86,85,81
204,85,85,82
205,84,85,83
206,83,85,84
207,82,85,85
207,83,84,85
207,82,84,85
207,81,84,85
207,80,84,85
207,79,84,85
208,79,84,87
209,78,84,87
210,77,84,87
211,76,84,87
212,75,84,87
212,73,85,88
212,73,86,87
212,73,87,86
212,73,88,85
212,73,89,84
216,73,88,84
218,72,88,84
220,71,88,84
222,70,88,84
224,69,88,84
225,69,89,84
226,67,89,86
227,65,89,88
228,63,89,90
229,61,89,92
229,61,90,93
228,62,91,92
227,63,92,91
226,64,93,90
225,65,94,89
225,63,93,88
226,62,93,88
227,61,93,88
228,60,93,88
229,59,93,88
229,57,95,89
230,56,95,89
231,55,95,89
232,54,95,89
233,53,95,89
235,52,97,88
237,50,97,89
239,48,97,90
241,46,97,91
243,44,97,92
246,40,96,93
247,38,96,94
248,36,96,95
249,34,96,96
250,32,96,97
250,30,97,95
250,30,97,95
250,30,97,95
250,30,97,95
250,30,97,95
250,29,97,95
250,29,98,95
250,29,99,95
250,29,100,95
250,29,101,95
250,28,101,95
250,29,100,94
250,30,99,93
250,31,98,92
250,32,97,91
249,30,99,91
249,30,99,91
249,30,99,91
249,30,99,91
249,30,99,91
250,29,97,93
250,29,97,93
250,29,97,93
250,29,97,93
250,29,97,93
250,28,98,95
250,27,98,95
250,26,98,95
250,25,98,95
250,24,98,95
250,25,97,93
250,25,97,93
250,25,97,93
250,25,97,93
250,25,97,93
251,27,97,91
251,27,97,91
251,27,97,91
251,27,97,91
251,27,97,91
250,28,95,91
250,27,95,92
250,26,95,93
250,25,95,94
250,24,95,95
252,25,95,94
252,25,95,94
252,25,95,94
252,25,95,94
252,25,95,94
251,26,97,93
251,25,97,93
251,24,97,93
251,23,97,93
251,22,97,93
250,22,97,94
250,22,97,94
250,22,97,94
250,22,97,94
250,22,97,94
249,20,98,94
250,20,97,95
251,20,96,96
252,20,95,97
253,20,94,98
251,22,95,99
251,22,95,98
251,22,95,97
251,22,95,96
251,22,95,95
249,21,95,95
249,21,96,95
249,21,97,95
249,21,98,95
249,21,99,95
247,21,98,94
246,21,98,95
245,21,98,96
244,21,98,97
243,21,98,98
242,23,99,97
242,23,99,96
242,23,99,95
242,23,99,94
242,23,99,93
241,22,100,93
241,23,100,93
241,24,100,93
241,25,100,93
241,26,100,93
243,25,101,92
243,25,100,93
243,25,99,94
243,25,98,95
243,25,97,96
243,26,97,97
242,25,98,97
241,24,99,97
240,23,100,97
239,22,101,97
238,20,102,95
236,20,102,95
234,20,102,95
232,20,102,95
230,20,102,95
227,18,103,95
224,18,103,95
221,18,103,95
218,18,103,95
215,18,103,95
211,19,101,94
209,18,101,95
207,17,101,96
205,16,101,97
203,15,101,98
198,15,100,99
195,15,101,99
192,15,102,99
189,15,103,99
186,15,104,99
183,14,103,99
181,15,102,99
179,16,101,99
177,17,100,99
175,18,99,99
173,20,99,97
171,21,99,97
169,22,99,97
167,23,99,97
165,24,99,97
163,23,99,99
161,24,99,99
159,25,99,99
157,26,99,99
155,27,99,99
154,30,99,99
152,32,101,99
150,34,103,99
148,36,105,99
146,38,107,99
145,39,104,100
146,41,103,100
147,43,102,100
148,45,101,100
149,47,100,100
150,48,99,99
149,49,99,100
148,50,99,101
147,51,99,102
146,52,99,103
146,54,99,104
144,55,100,104
142,56,101,104
140,57,102,104
138,58,103,104
135,57,104,103
134,58,103,103
133,59,102,103
132,60,101,103
131,61,100,103
129,62,101,103
127,63,101,103
125,64,101,103
123,65,101,103
121,66,101,103
116,65,101,104
113,65,102,105
110,65,103,106
107,65,104,107
104,65,105,108
100,63,107,108
97,63,107,107
94,63,107,106
91,63,107,105
88,63,107,104
84,61,109,104
82,61,109,105
80,61,109,106
78,61,109,107
76,61,109,108
72,63,110,107
70,63,110,107
68,63,110,107
66,63,110,107
64,63,110,107
63,63,111,108
62,63,110,108
61,63,109,108
60,63,108,108
59,63,107,108
55,62,109,108
52,61,110,109
49,60,111,110
46,59,112,111
43,58,113,112
42,57,112,111
40,55,113,111
38,53,114,111
36,51,115,111
34,49,116,111
33,47,118,111
31,43,118,113
29,39,118,115
27,35,118,117
25,31,118,119
21,28,120,119
19,26,120,119
17,24,120,119
15,22,120,119
13,20,120,119
12,19,119,118
10,18,120,118
8,17,121,118
6,16,122,118
4,15,123,118
3,15,125,119
2,16,125,119
1,17,125,119
0,18,125,119
-1,19,125,119
-1,21,125,121
-2,23,126,121
-3,25,127,121
-4,27,128,121
-5,29,129,121
-5,29,127,121
-4,29,127,121
-3,29,127,121
-2,29,127,121
-1,29,127,121
1,33,127,118
3,35,127,117
5,37,127,116
7,39,127,115
9,41,127,114
11,45,127,115
13,47,126,116
15,49,125,117
17,51,124,118
19,53,123,119
19,55,125,119
20,56,125,119
21,57,125,119
22,58,125,119
23,59,125,119
25,59,124,117
26,60,124,117
27,61,124,117
28,62,124,117
29,63,124,117
31,63,122,115
32,65,121,115
33,67,120,115
34,69,119,115
35,71,118,115
38,69,119,115
39,69,118,115
40,69,117,115
41,69,116,115
42,69,115,115
42,70,117,114
43,70,117,113
44,70,117,112
45,70,117,111
46,70,117,110
47,71,118,112
49,71,117,112
51,71,116,112
53,71,115,112
55,71,114,112
56,72,113,111
59,73,113,111
62,74,113,111
65,75,113,111
68,76,113,111
70,79,111,112
73,80,111,111
76,81,111,110
79,82,111,109
82,83,111,108
85,85,111,109
86,87,112,109
87,89,113,109
88,91,114,109
89,93,115,109
89,93,115,111
91,95,114,111
93,97,113,111
95,99,112,111
97,101,111,111
97,100,112,112
98,101,112,112
99,102,112,112
100,103,112,112
101,104,112,112
103,105,111,112
104,106,111,112
105,107,111,112
106,108,111,112
107,109,111,112
108,108,113,111
108,109,113,111
108,110,113,111
108,111,113,111
108,112,113,111
110.17,112.83,112,110.67
112.17,112.17,109.33,111.33
110.83,115.5,110.67,109.33
112.83,110.17,108,111.33
